-25 -10 0
-94610 -106770 -100210
1446384 3216415 6361034
31 18 4
-17994 30299 -41660
-33 219 -1672
522 685 696
-5488686 5647536 -4977642
67 16 2
-8 0 0
-362165672 324324388 -254213404
904 -801 444
-23 -66 -212
52055 -42919 28142
1321370 3091129 6427992
-224121195 -325383766 -425937658
517 144 20
-5124166 3373085 -1851174
-127 47 -8
13458 -11652 8044
-32552513 -37454453 -37710460
-152747 111057 -64654
-5489 3598 -1770
308 -62 6
-106 -35 -6
64500 -171602 399768
1 53 -200
48568006 42449400 32485480
-548715 748113 -875598
-1 0 0
-364 -116 -18
40191072 -27086418 15630902
-11 8 248
22047 12230 5072
3249 -12816 43712
357 -75 8
94 9 0
-91569643 -107200374 -111721454
-2324 1046 -316
-38930429 43856986 -43221734
-31 -256 1452
-670 838 -742
-1 0 0
-502 1290 -2804
266518836 -240414651 189793494
-165149766 165806297 -145572164
70906 -57896 37728
3215 1042 224
-624 2168 -6520
-60 -148 -262
16 30 74
78457655 -153060730 268440950
-5 0 0
60925 44250 25766
-9 0 0
4 0 0
48 -38 14
6 0 0
45964678 -79749490 124067702
-16053 -23034 -27510
10 0 0
-29 -3 0
-399434419 319623381 -223791888
-711 152 -16
-4 0 0
-62696839 76684952 -83365386
-3 0 0
273 -260 162
-23 2 0
-310 -241 -130
-1070798565 1219914364 -1235686296
-15 -4 0
1917 -736 188
12788192 24471824 42216844
-384052 193106 -77800
26 -74 90
-20 2 0
-39909 45116 -42714
-801 2301 -5520
-16847203 -12782449 -8317746
-242510661 216917853 -169862078
2489154 -3967604 5529340
187 -473 982
-22104 -12889 -5636
-196740 380967 -640340
39 16 2
-251980 345537 -407456
-1 10 -18
119 -50 10
-11261559 105317224 257119950
6 7 4
-6 10 -10
-414055 229875 -102114
98 -21 2
-3 0 0
246 601 1166
43 8 0
56143 46174 30500
-9482 6219 -3070
-202063285 -171335049 -126715424
-9761799 -14416171 -19034156
1068038 2458809 5041812
-423590102 -337086121 -234610842
-6 -1 0
-575026274 -463020857 -326111366
7 0 0
-461037 -1529702 -4574984
366 867 1664